
NUMPOLLIES 36

// Floor 1
-11.0  0.0 -11.0 0.0 10.0
-11.0  0.0  11.0 0.0 0.0
 11.0  0.0  11.0 11.0 0.0

-11.0  0.0 -11.0 0.0  10.0
 11.0  0.0 -11.0 11.0 10.0
 11.0  0.0  11.0 11.0 0.0

// Ceiling 1
-11.0  5.0 -11.0 0.0  10.0
-11.0  5.0  11.0 0.0  0.0
 11.0  5.0  11.0 11.0 0.0
 
-11.0  5.0 -11.0 0.0  10.0
 11.0  5.0 -11.0 11.0 10.0
 11.0  5.0  11.0 11.0 0.0

// Wall 1

-11.0  5.0  -11.0  0.0  3.0
-11.0  0.0  -11.0  0.0  0.0
11.0   0.0  -11.0  15.0  0.0

-11.0  5.0  -11.0  0.0  3.0
11.0  5.0  -11.0  15.0  3.0
11.0  0.0  -11.0  15.0  0.0

// Wall 2

-11.0  5.0  11.0  0.0  3.0
-11.0  0.0  11.0  0.0  0.0
-11.0  0.0  -11.0  15.0  0.0

-11.0  5.0 11.0  0.0  3.0
-11.0  5.0  -11.0  15.0  3.0
-11.0  0.0  -11.0  15.0  0.0